{
  "advancedEditorSelectedIdentifier" : "ProjectBrowser",
  "openSceneRelativePaths" : [
    "Immersive.usda",
    "PortalBoxScene.usda",
    "World4Scene.usda"
  ],
  "recentIdentifiers" : {
    "83D3B5EF-5BC7-4643-AC69-BB262212EC7F" : [

    ],
    "ABEAA901-9F9E-413B-B4EC-2F1646D33B46" : [

    ]
  },
  "sceneCameraHistory" : {
    "64D663A8-EFF3-4CAE-8448-71A4D771DDEC" : [
      {
        "date" : 770134315.03254,
        "title" : "Untitled",
        "transform" : [
          0.9999885,
          -6.428294e-11,
          0.004788764,
          0,
          0.001596443,
          0.9427951,
          -0.3333688,
          0,
          -0.0045148237,
          0.33337265,
          0.9427843,
          0,
          0.004514931,
          0.6519701,
          1.2888935,
          1
        ]
      },
      {
        "date" : 770134304.565332,
        "title" : "Untitled",
        "transform" : [
          1,
          0,
          0,
          0,
          0,
          1,
          0,
          0,
          0,
          0,
          1,
          0,
          0,
          0.9853433,
          1.2316786,
          1
        ]
      },
      {
        "date" : 770134299.654115,
        "title" : "Untitled",
        "transform" : [
          1,
          0,
          0,
          0,
          0,
          1,
          0,
          0,
          0,
          0,
          1,
          0,
          0,
          0.8417243,
          1.052155,
          1
        ]
      }
    ],
    "83D3B5EF-5BC7-4643-AC69-BB262212EC7F" : [
      {
        "date" : 770129559.643828,
        "title" : "Untitled",
        "transform" : [
          0.89052796,
          -6.1011454e-09,
          -0.45492864,
          0,
          -0.19672096,
          0.9016715,
          -0.38508356,
          0,
          0.4101962,
          0.43242162,
          0.8029637,
          0,
          0.899654,
          0.5165462,
          1.283076,
          1
        ]
      },
      {
        "date" : 770129553.808189,
        "title" : "Untitled",
        "transform" : [
          0.89052796,
          -6.7528116e-09,
          -0.45492864,
          0,
          -0.19672094,
          0.9016715,
          -0.38508353,
          0,
          0.4101962,
          0.4324216,
          0.8029637,
          0,
          0.8996542,
          0.5165463,
          1.2830763,
          1
        ]
      },
      {
        "date" : 770129473.929984,
        "title" : "Untitled",
        "transform" : [
          0.89052796,
          -7.404478e-09,
          -0.4549286,
          0,
          -0.19672093,
          0.9016716,
          -0.3850835,
          0,
          0.41019621,
          0.43242157,
          0.80296373,
          0,
          0.89188564,
          0.55161047,
          1.7659303,
          1
        ]
      },
      {
        "date" : 770129304.521174,
        "title" : "Untitled",
        "transform" : [
          0.89052796,
          -7.404478e-09,
          -0.4549286,
          0,
          -0.19672093,
          0.9016716,
          -0.3850835,
          0,
          0.41019621,
          0.43242157,
          0.80296373,
          0,
          0.69393754,
          0.5401559,
          1.3739939,
          1
        ]
      },
      {
        "date" : 770129206.54567,
        "title" : "Untitled",
        "transform" : [
          0.89052784,
          1.2362744e-09,
          -0.45492858,
          0,
          -0.1967209,
          0.9016715,
          -0.38508347,
          0,
          0.4101962,
          0.4324215,
          0.8029638,
          0,
          1.0865655,
          1.1454377,
          2.126964,
          1
        ]
      },
      {
        "date" : 770129184.761918,
        "title" : "Untitled",
        "transform" : [
          0.89052784,
          1.2362744e-09,
          -0.45492858,
          0,
          -0.1967209,
          0.9016715,
          -0.38508347,
          0,
          0.41019613,
          0.43242145,
          0.8029637,
          0,
          0.15171003,
          0.15992999,
          0.29697415,
          1
        ]
      },
      {
        "date" : 770129148.435204,
        "title" : "Untitled",
        "transform" : [
          0.8954393,
          1.0610766e-09,
          -0.4451835,
          0,
          -0.2095256,
          0.88232,
          -0.42143857,
          0,
          0.3927943,
          0.47065002,
          0.79006416,
          0,
          0.145274,
          0.17406872,
          0.29220325,
          1
        ]
      },
      {
        "date" : 770129084.344765,
        "title" : "Untitled",
        "transform" : [
          1,
          0,
          0,
          0,
          0,
          0.7071069,
          -0.7071067,
          0,
          0,
          0.7071067,
          0.7071069,
          0,
          0,
          0.26152164,
          0.26152173,
          1
        ]
      },
      {
        "date" : 770129011.528799,
        "title" : "Untitled",
        "transform" : [
          1,
          0,
          -0,
          0,
          -0,
          0.7071069,
          -0.7071067,
          0,
          0,
          0.7071067,
          0.7071069,
          0,
          0,
          0.10930357,
          0.10930361,
          1
        ]
      }
    ],
    "ABEAA901-9F9E-413B-B4EC-2F1646D33B46" : [
      {
        "date" : 770133908.345947,
        "title" : "Untitled",
        "transform" : [
          1,
          0,
          0,
          0,
          0,
          0.7071069,
          -0.70710677,
          0,
          0,
          0.70710677,
          0.7071069,
          0,
          0,
          2.0675993,
          2.0675998,
          1
        ]
      },
      {
        "date" : 770133904.803575,
        "title" : "Untitled",
        "transform" : [
          1,
          0,
          0,
          0,
          0,
          0.7071069,
          -0.70710677,
          0,
          0,
          0.70710677,
          0.7071069,
          0,
          0,
          0.8304938,
          0.83049446,
          1
        ]
      },
      {
        "date" : 770133900.192273,
        "title" : "Untitled",
        "transform" : [
          1,
          0,
          0,
          0,
          0,
          0.7071069,
          -0.70710677,
          0,
          0,
          0.70710677,
          0.7071069,
          0,
          0,
          5.073921,
          5.0739217,
          1
        ]
      },
      {
        "date" : 770133838.4825,
        "title" : "Untitled",
        "transform" : [
          1,
          0,
          0,
          0,
          0,
          0.7071069,
          -0.70710677,
          0,
          0,
          0.70710677,
          0.7071069,
          0,
          0,
          0.20626459,
          0.20626469,
          1
        ]
      },
      {
        "date" : 770133729.223229,
        "title" : "Untitled",
        "transform" : [
          1,
          0,
          0,
          0,
          0,
          0.7071069,
          -0.70710677,
          0,
          0,
          0.70710677,
          0.7071069,
          0,
          0,
          0.17282996,
          0.17283003,
          1
        ]
      },
      {
        "date" : 770133672.743402,
        "title" : "Untitled",
        "transform" : [
          1,
          0,
          0,
          0,
          0,
          0.7071069,
          -0.70710677,
          0,
          0,
          0.70710677,
          0.7071069,
          0,
          0,
          0.1546903,
          0.15469034,
          1
        ]
      }
    ],
    "BF255410-7D9B-4A8E-852E-6EA1F0033AC0" : [
      {
        "date" : 770133400.573996,
        "title" : "Untitled",
        "transform" : [
          1,
          0,
          0,
          0,
          0,
          0.7071069,
          -0.70710677,
          0,
          0,
          0.70710677,
          0.7071069,
          0,
          0,
          0.24227779,
          0.24227783,
          1
        ]
      }
    ],
    "D4DF4188-0692-446A-8CE1-7AB5ACD685F8" : [
      {
        "date" : 770134113.170748,
        "title" : "Untitled",
        "transform" : [
          1,
          0,
          0,
          0,
          0,
          0.7071069,
          -0.70710677,
          0,
          0,
          0.70710677,
          0.7071069,
          0,
          0,
          7.998312,
          7.998312,
          1
        ]
      },
      {
        "date" : 770134032.633304,
        "title" : "Untitled",
        "transform" : [
          1,
          0,
          0,
          0,
          0,
          0.7071069,
          -0.70710677,
          0,
          0,
          0.70710677,
          0.7071069,
          0,
          0,
          0.21977325,
          0.21977325,
          1
        ]
      }
    ]
  },
  "sceneViewportBackgroundColors" : {

  },
  "selectedSceneRelativePath" : "World4Scene.usda"
}